wav (microns)
2.464399999999999986e-05
2.513687999999999844e-05
2.563961760000000044e-05
2.615240995200000275e-05
2.667545815104000213e-05
2.720896731406080224e-05
2.775314666034201639e-05
2.830820959354885685e-05
2.887437378541983372e-05
2.945186126112823147e-05
3.004089848635079407e-05
3.064171645607781483e-05
3.125455078519937316e-05
3.187964180090335439e-05
3.251723463692142446e-05
3.316757932965985620e-05
3.383093091625305265e-05
3.450754953457811424e-05
3.519770052526967775e-05
3.590165453577507455e-05
3.661968762649057442e-05
3.735208137902038184e-05
3.809912300660079097e-05
3.886110546673280611e-05
3.963832757606747009e-05
4.043109412758881353e-05
4.123971601014059848e-05
4.206451033034340936e-05
4.290580053695028406e-05
4.376391654768928784e-05
4.463919487864307305e-05
4.553197877621593465e-05
4.644261835174025429e-05
4.737147071877505911e-05
4.831890013315055961e-05
4.928527813581357487e-05
5.027098369852984393e-05
5.127640337250044230e-05
5.230193143995045060e-05
5.334797006874946585e-05
5.441492947012445381e-05
5.550322805952695210e-05
5.661329262071748735e-05
5.774555847313184523e-05
5.890046964259447590e-05
6.007847903544637056e-05
6.128004861615530055e-05
6.250564958847841090e-05
6.375576258024797370e-05
6.503087783185293588e-05
6.633149538849000761e-05
6.765812529625981264e-05
6.901128780218500455e-05
7.039151355822870952e-05
7.179934382939328263e-05
7.323533070598115370e-05
7.470003732010075835e-05
7.619403806650277243e-05
7.771791882783284414e-05
7.927227720438949777e-05
8.085772274847729288e-05
8.247487720344684036e-05
8.412437474751577066e-05
8.580686224246610451e-05
8.752299948731542822e-05
8.927345947706172866e-05
9.105892866660296242e-05
9.288010723993502275e-05
9.473770938473371887e-05
9.663246357242840192e-05
9.856511284387697240e-05
1.005364151007545110e-04
1.025471434027695912e-04
1.045980862708249874e-04
1.066900479962414858e-04
1.088238489561663234e-04
1.110003259352896504e-04
1.132203324539954347e-04
1.154847391030753401e-04
1.177944338851368483e-04
1.201503225628395910e-04
1.225533290140963939e-04
1.250043955943783115e-04
1.275044835062658587e-04
1.300545731763911954e-04
1.326556646399190253e-04
1.353087779327174025e-04
1.380149534913717381e-04
1.407752525611991881e-04
1.435907576124231810e-04
1.464625727646716371e-04
1.493918242199650855e-04
1.523796607043643872e-04
1.554272539184516685e-04
1.585357989968207040e-04
1.617065149767571062e-04
1.649406452762922819e-04
1.682394581818181015e-04
1.716042473454544809e-04
1.750363322923635971e-04
1.785370589382108538e-04
1.821078001169750991e-04
1.857499561193146076e-04
1.894649552417008987e-04
1.932542543465348987e-04
1.971193394334655956e-04
2.010617262221349368e-04
2.050829607465776030e-04
2.091846199615091670e-04
2.133683123607393460e-04
2.176356786079541579e-04
2.219883921801132573e-04
2.264281600237155051e-04
2.309567232241898347e-04
2.355758576886736303e-04
2.402873748424471192e-04
2.450931223392960757e-04
2.499949847860819647e-04
2.549948844818035855e-04
2.600947821714396984e-04
2.652966778148685119e-04
2.706026113711658193e-04
2.760146635985891552e-04
2.815349568705609274e-04
2.871656560079721525e-04
2.929089691281316216e-04
2.987671485106942692e-04
3.047424914809081535e-04
3.108373413105262884e-04
3.170540881367368315e-04
3.233951698994716375e-04
3.298630732974610464e-04
3.364603347634102576e-04
3.431895414586784952e-04
3.500533322878520912e-04
3.570543989336091156e-04
3.641954869122813196e-04
3.714793966505269027e-04
3.789089845835374331e-04
3.864871642752081568e-04
3.942169075607123677e-04
4.021012457119266400e-04
4.101432706261652151e-04
4.183461360386885020e-04
4.267130587594622536e-04
4.352473199346515139e-04
4.439522663333445463e-04
4.528313116600114936e-04
4.618879378932116801e-04
4.711256966510759376e-04
4.805482105840974899e-04
4.901591747957794072e-04
4.999623582916949867e-04
5.099616054575289124e-04
5.201608375666795124e-04
5.305640543180130571e-04
5.411753354043734050e-04
5.519988421124608687e-04
5.630388189547101165e-04
5.742995953338044012e-04
5.857855872404805434e-04
5.975012989852901499e-04
6.094513249649958879e-04
6.216403514642959444e-04
6.340731584935818373e-04
6.467546216634534979e-04
6.596897140967225960e-04
6.728835083786570848e-04
6.863411785462302439e-04
7.000680021171548466e-04
7.140693621594979305e-04
7.283507494026879130e-04
7.429177643907417319e-04
7.577761196785564972e-04
7.729316420721275924e-04
7.883902749135702397e-04
8.041580804118415946e-04
8.202412420200784395e-04
8.366460668604801774e-04
8.533789881976898157e-04
8.704465679616436250e-04
8.878554993208764238e-04
9.056126093072940477e-04
9.237248614934399612e-04
9.421993587233087712e-04
9.610433458977750160e-04
9.802642128157305380e-04
9.998694970720452182e-04
1.019866887013486014e-03
1.040264224753755917e-03
1.061069509248831026e-03
1.082290899433807456e-03
1.103936717422483640e-03
1.126015451770933339e-03
1.148535760806352170e-03
1.171506476022479357e-03
1.194936605542928909e-03
1.218835337653787453e-03
1.243212044406863219e-03
1.268076285295000440e-03
1.293437811000900479e-03
1.319306567220918363e-03
1.345692698565336982e-03
1.372606552536643782e-03
1.400058683587376623e-03
1.428059857259124116e-03
1.456621054404306755e-03
1.485753475492392886e-03
1.515468545002240670e-03
1.545777915902285353e-03
1.576693474220331077e-03
1.608227343704737682e-03
1.640391890578832626e-03
1.673199728390409183e-03
1.706663722958217354e-03
1.740796997417381727e-03
1.775612937365729505e-03
1.811125196113044008e-03
1.847347700035304949e-03
1.884294654036011013e-03
1.921980547116731476e-03
1.960420158059065880e-03
1.999628561220247180e-03
2.039621132444652610e-03
2.080413555093545488e-03
2.122021826195416745e-03
2.164462262719325271e-03
2.207751507973711690e-03
2.251906538133186149e-03
2.296944668895849716e-03
2.342883562273767074e-03
2.389741233519242052e-03
2.437536058189627292e-03
2.486286779353419352e-03
2.536012514940488068e-03
2.586732765239297717e-03
2.638467420544084174e-03
2.691236768954965736e-03
2.745061504334064990e-03
2.799962734420746030e-03
2.855961989109161506e-03
2.913081228891344771e-03
2.971342853469171284e-03
3.030769710538555074e-03
3.091385104749326280e-03
3.153212806844312571e-03
3.216277062981199274e-03
3.280602604240823259e-03
3.346214656325639802e-03
3.413138949452152772e-03
3.481401728441195671e-03
3.551029763010019567e-03
3.622050358270219837e-03
3.694491365435624303e-03
3.768381192744336885e-03
3.843748816599223701e-03
3.920623792931208357e-03
3.999036268789831622e-03
4.079016994165628705e-03
4.160597334048941540e-03
4.243809280729920509e-03
4.328685466344519076e-03
4.415259175671409214e-03
4.503564359184837954e-03
4.593635646368534643e-03
4.685508359295905215e-03
4.779218526481823423e-03
4.874802897011460030e-03
4.972298954951688901e-03
5.071744934050723477e-03
5.173179832731737704e-03
5.276643429386372076e-03
5.382176297974099188e-03
5.489819823933581033e-03
5.599616220412252654e-03
5.711608544820497707e-03
5.825840715716908147e-03
5.942357530031246865e-03
6.061204680631870900e-03
6.182428774244509012e-03
6.306077349729398429e-03
6.432198896723986814e-03
6.560842874658467071e-03
6.692059732151636395e-03
6.825900926794669851e-03
6.962418945330563561e-03
7.101667324237174311e-03
7.243700670721917728e-03
7.388574684136356256e-03
7.536346177819083433e-03
7.687073101375465310e-03
7.840814563402975085e-03
7.997630854671033962e-03
8.157583471764455127e-03
8.320735141199745583e-03
8.487149844023739176e-03
8.656892840904215417e-03
8.830030697722299204e-03
9.006631311676746229e-03
9.186763937910281258e-03
9.370499216668486120e-03
9.557909201001857369e-03
9.749067385021892990e-03
9.944048732722331196e-03
1.014292970737677886e-02
1.034578830152431406e-02
1.055270406755480159e-02
1.076375814890589803e-02
1.097903331188401603e-02
1.119861397812169611e-02
1.142258625768412944e-02
1.165103798283781411e-02
1.188405874249456873e-02
1.212173991734446024e-02
1.236417471569135028e-02
1.261145821000517718e-02
1.286368737420528000e-02
1.312096112168938643e-02
1.338338034412317468e-02
1.365104795100563831e-02
1.392406891002575045e-02
1.420255028822626532e-02
1.448660129399079177e-02
1.477633331987060830e-02
1.507185998626802033e-02
1.537329718599338146e-02
1.568076312971325090e-02
1.599437839230751640e-02
1.631426596015366631e-02
1.664055127935674255e-02
1.697336230494387796e-02
1.731282955104275489e-02
1.765908614206360833e-02
1.801226786490488230e-02
1.837251322220297828e-02
1.873996348664704048e-02
1.911476275637997990e-02
1.949705801150758075e-02
1.988699917173773063e-02
2.028473915517248899e-02
2.069043393827593724e-02
2.110424261704145488e-02
2.152632746938228786e-02
2.195685401876993487e-02
2.239599109914533481e-02
2.284391092112823818e-02
2.330078913955080377e-02
2.376680492234182346e-02
2.424214102078866076e-02
2.472698384120443349e-02
2.522152351802852202e-02
2.572595398838909558e-02
2.624047306815687625e-02
2.676528252952001252e-02
2.730058818011041333e-02
2.784659994371262159e-02
2.840353194258687583e-02
2.897160258143861161e-02
2.955103463306738704e-02
3.014205532572873658e-02
3.074489643224331131e-02
3.135979436088818378e-02
3.198699024810594538e-02
3.262673005306807039e-02
3.327926465412943402e-02
3.394484994721202326e-02
3.462374694615626136e-02
3.531622188507939353e-02
3.602254632278098501e-02
3.674299724923660304e-02
3.747785719422133677e-02
3.822741433810576683e-02
3.899196262486788467e-02
3.977180187736524541e-02
4.056723791491255449e-02
4.137858267321080363e-02
4.220615432667501610e-02
4.305027741320852086e-02
4.391128296147268906e-02
4.478950862070214811e-02
4.568529879311619690e-02
4.659900476897851918e-02
4.753098486435809039e-02
4.848160456164525567e-02
4.945123665287815690e-02
