flux [erg s^-1 cm^-3]
4.200276278603607788e+11
4.232383541250697021e+11
4.265132949150728760e+11
4.298537345208760986e+11
4.332609829187954102e+11
4.367363762846729736e+11
3.640803811198718872e+11
2.712066083594587097e+11
3.287977867221522827e+11
3.230275622649206543e+11
4.106759663457316284e+11
5.449756382367511597e+11
4.071661584259935913e+11
4.540287392089613037e+11
1.962150376988966980e+11
1.857544811317579041e+11
1.584136736768191833e+11
1.516463746842456665e+11
9.665479801432434082e+10
1.069154165510058746e+11
1.059233280189428558e+11
1.202237413019241791e+11
8.764892258627359009e+10
6.075289104584056091e+10
1.283969959601144104e+11
8.339342403156234741e+10
6.789177561406060791e+10
7.504797225142056274e+10
7.116216131879971313e+10
1.056160181208351593e+11
1.467842701938797913e+11
2.351880320173542175e+11
2.429799202756207581e+11
2.918818110974463501e+11
2.470479892805344849e+11
4.400639380076309814e+11
3.195590212230479736e+11
4.449533826872405396e+11
4.460439423381114502e+11
6.856608541630203857e+11
6.768675606792675781e+11
2.647349969896833496e+11
4.266691767819622803e+11
2.627319145655994263e+11
1.056214864706370087e+11
2.582144620196805725e+11
5.085917708678562622e+11
2.079814169091566467e+11
5.564018475959278564e+11
9.630940148221138916e+11
7.219696489512318115e+11
5.149034359362955322e+11
9.626112362342377930e+11
1.851132434445847412e+12
9.171990670689952393e+11
4.539754263456394531e+12
7.020675765287137695e+12
4.090919532741064941e+12
2.943446197360988281e+12
5.248251100840865234e+12
1.179002994453235352e+13
1.209700166029606445e+13
1.000389005206750195e+13
9.213876464226175781e+12
1.388327328062191602e+13
1.315663467444489453e+13
1.923317582230462109e+13
1.770702411230160156e+13
1.936703528214158984e+13
1.954587358583723828e+13
1.981212763763411719e+13
1.925976964863806250e+13
2.016109934593589062e+13
2.139730335541806641e+13
2.154427884320633984e+13
2.409586680995037500e+13
2.215054819822942578e+13
2.102798006874897656e+13
2.330313160501338281e+13
2.051667450961574609e+13
2.235509903707075000e+13
2.374838474611702734e+13
2.193152050326858203e+13
2.288084542305007422e+13
2.265608065255485547e+13
1.984623422867547656e+13
1.428908914095488477e+13
1.440489343724981250e+13
1.266366468438416992e+13
1.184359345342307227e+13
1.223737412038939648e+13
1.241600452878456836e+13
1.315238521882732617e+13
1.389580243402934375e+13
1.478951248308512695e+13
1.535816240834057422e+13
1.583186665168410742e+13
1.563596257880820312e+13
1.356178828135965039e+13
1.101643594918409375e+13
8.680613374057694336e+12
7.698312083498020508e+12
6.501228218269542969e+12
6.850814184070469727e+12
6.561351155549552734e+12
6.091026567862361328e+12
5.921505244022085938e+12
6.124900807666022461e+12
6.409017705195413086e+12
6.796899852410117188e+12
6.982200691778868164e+12
6.839767389117510742e+12
6.735086789186794922e+12
5.548882472166721680e+12
4.917803016102864258e+12
4.158742793409220703e+12
3.280375590529628418e+12
2.690639583910112305e+12
2.372103471383753418e+12
2.348744416655047852e+12
2.390838194374954590e+12
2.060872959754240967e+12
1.884663816233211914e+12
1.781986430216571777e+12
1.704949279300494629e+12
1.602653491423067871e+12
1.571927985333080566e+12
1.543310726574215332e+12
1.557549633147826172e+12
1.549904490244688232e+12
1.581207957567612549e+12
1.581654608743874268e+12
1.582177642211329346e+12
1.560218038748474609e+12
1.553658291609841797e+12
1.513947120427821533e+12
1.481556980624663818e+12
1.455386060033555664e+12
1.425818832036501465e+12
1.365071976719346680e+12
1.283231148632276855e+12
1.164730344749210449e+12
1.022397538545329956e+12
9.230106795477451172e+11
8.192959579466896973e+11
6.559728102428585205e+11
5.337469825855299072e+11
4.761928164314661255e+11
4.560601957233507690e+11
4.473073399107239990e+11
4.140862174959036255e+11
3.840252094749672241e+11
3.567783797896022949e+11
3.403557826976851807e+11
3.231123884955215454e+11
3.020443999816150513e+11
2.832019319997954712e+11
2.657192638290070801e+11
2.513048554259562378e+11
2.343958439948287659e+11
2.232413920071849365e+11
2.163325321915544434e+11
2.097178949899836426e+11
2.036120654361682434e+11
1.924607647531548767e+11
1.558248987974050293e+11
1.313108928010148621e+11
1.237554198991940308e+11
1.151050334639944305e+11
1.103955271278423004e+11
1.038450740235064087e+11
9.814147422304446411e+10
9.224371139213523865e+10
8.565928031591116333e+10
8.029365623379870605e+10
7.547442859398130798e+10
6.983925340042387390e+10
6.549891717163031006e+10
6.136005688130430603e+10
5.866912268714130402e+10
5.571993383983277130e+10
5.293379999238745880e+10
5.027764905070133972e+10
4.759502096910961151e+10
4.455845348432419586e+10
4.238405347644202423e+10
3.976340773978225708e+10
3.683832842790142822e+10
3.466861658243762207e+10
3.130828123829690933e+10
2.927904652290816879e+10
2.714159202495798111e+10
2.448063785633934784e+10
2.262970198074239731e+10
2.103355254831721115e+10
1.905158015811314774e+10
1.773206732883568954e+10
1.646052543662891197e+10
1.480240408999475288e+10
1.385699448978392601e+10
1.276424047905184364e+10
1.177022528566824532e+10
1.084308180413065529e+10
9.986741135101034164e+09
9.444349606050161362e+09
8.514010136420793533e+09
7.851875104800613403e+09
7.365523793240178108e+09
6.887891821344549179e+09
6.196538296393942833e+09
5.850116983512506485e+09
5.315911707257308960e+09
4.994019607702004433e+09
4.630562895426936150e+09
4.282960568083856106e+09
3.941624134985436916e+09
3.655339475396903038e+09
3.414759539621708393e+09
3.114252301678275108e+09
2.913773576144840240e+09
2.724546194391314983e+09
2.488872779467664719e+09
2.319622048128810883e+09
2.121316517721470118e+09
2.012089065736444473e+09
1.818833184562889338e+09
1.698325285809616566e+09
1.583844944616533041e+09
1.447211860718240261e+09
1.379761608729823351e+09
1.252257752475454807e+09
1.173075934595118999e+09
1.080321149396303654e+09
9.998450738844031096e+08
9.217104710590423346e+08
8.647341372655616999e+08
8.052500918713142872e+08
7.374737861193403006e+08
6.992641401825264692e+08
6.232747845432817936e+08
5.731000099242848158e+08
5.567766607644715309e+08
4.995842564730942249e+08
4.592511389739007354e+08
4.187237296700373888e+08
4.041111032561650276e+08
3.687541294742426276e+08
3.357576631244353056e+08
3.179139158133699894e+08
2.983999851462399960e+08
2.624278946230551302e+08
2.463983727838805616e+08
2.285783909324237108e+08
2.112239703661909401e+08
1.919843457220739424e+08
1.831735177645392716e+08
1.666020044983589649e+08
1.565695595475712419e+08
1.390093290258181691e+08
1.352948635757358074e+08
1.269638907552294284e+08
1.151916855816578865e+08
1.046264521370066851e+08
9.726378759875188768e+07
9.033892760035935044e+07
8.481227580132248998e+07
7.766367240020774305e+07
7.329853540077552199e+07
6.580131082581593096e+07
6.397937590411350876e+07
5.650906293656294793e+07
5.399486499158785492e+07
5.104316802632645518e+07
4.649352813815450668e+07
4.210594860538420826e+07
3.868784152537687123e+07
3.665222001748012006e+07
3.482075206774184108e+07
3.092812877978239954e+07
3.080738316025719047e+07
2.734186883973843977e+07
2.394879399617536739e+07
2.303762953836602345e+07
2.161538280267088488e+07
2.048545591546171904e+07
1.925890787857974321e+07
1.761316016171886027e+07
1.572723308727355488e+07
1.464275910836582258e+07
1.359173825384333730e+07
1.331160830261618644e+07
1.208412625473155081e+07
1.127468520092013478e+07
1.009424216921846196e+07
9.403729556406738237e+06
8.680984247827099636e+06
8.295579716298881918e+06
8.179443775596158579e+06
7.078865804817675613e+06
6.828371595329876058e+06
6.338444589154787362e+06
5.558108666617590003e+06
5.446067401975790970e+06
4.576582061670338735e+06
4.541156647307068110e+06
4.193781655732478015e+06
3.923183757719899528e+06
3.722728869084013160e+06
3.565748253065336961e+06
3.159954294561998919e+06
2.863227873248993885e+06
2.600041693783009890e+06
2.653090728532664943e+06
2.363312223630439490e+06
2.120583695514684077e+06
1.971431481926148059e+06
1.760237636930001201e+06
1.772164788182182238e+06
1.570920681761325104e+06
1.494573743028346682e+06
1.398475804420602275e+06
1.304235509153445251e+06
1.213976054825683124e+06
1.114537545966061763e+06
1.088818431255467702e+06
9.551887360378684243e+05
8.907496731928470545e+05
7.848575432933402481e+05
7.557820517268500989e+05
6.867328916510227136e+05
6.330598526538915467e+05
5.788045780314663425e+05
5.717496455201042118e+05
5.047033010784747312e+05
4.857440393199753598e+05
4.283810427203912986e+05
4.100441570633527590e+05
3.796386196968706790e+05
3.590691809736496070e+05
3.344385371086269151e+05
3.090659668023934355e+05
2.679569029941177578e+05
2.552175151967237762e+05
2.391316644482448464e+05
2.156636679790989147e+05
2.059415082258875191e+05
1.855328268595241534e+05
1.779710677860669384e+05
1.592434949654391676e+05
1.459735600591181137e+05
1.381435506164630351e+05
1.218391824028462725e+05
1.144078995351797930e+05
1.084507916366895224e+05
9.864870414990690188e+04
9.105790155669755768e+04
8.515026676802782458e+04
7.984223254629170697e+04
7.360522779916170111e+04
6.619355872283403005e+04
6.203067233307746937e+04
5.806054959979628620e+04
5.362837357468967821e+04
4.914300698048026970e+04
4.516360131252593419e+04
4.220851760157810349e+04
3.843779228281124961e+04
3.590296901809307747e+04
3.312933802861651930e+04
3.049261793917592877e+04
2.803230129163860329e+04
2.601955005053896821e+04
2.398228422366832820e+04
2.172449950467135568e+04
2.035324242301719278e+04
1.881810483974506133e+04
1.740781986406670694e+04
1.603017212361566271e+04
1.478184398567685457e+04
1.368511525678535145e+04
1.245538331577593453e+04
1.163133260423863976e+04
1.055412494983959368e+04
9.713661823491587711e+03
8.982832054877299015e+03
